# .PCD v0.7 - Point Cloud Data file format
VERSION 0.7
FIELDS x y z
SIZE 4 4 4
TYPE F F F
COUNT 1 1 1
WIDTH 71
HEIGHT 1
VIEWPOINT 0 0 0 1 0 0 0
POINTS 71
DATA ascii
nan nan nan
nan nan nan
nan nan nan
nan nan nan
-0.0050030006 0.053241763 1.0823621
-0.0050455891 0.056685321 1.0915757
-0.0049491543 0.058535084 1.0707128
nan nan nan
-0.0020101233 0.046666477 1.0676037
-0.0020371561 0.050258052 1.0819612
-0.002053055 0.053637411 1.0904052
-0.0020468067 0.056452204 1.0870867
-0.0020237053 0.05875947 1.0748172
0.00093585788 0.044761617 1.0924939
0.00093512016 0.047716822 1.0916327
0.00094146415 0.051051307 1.0990385
0.00093103189 0.053463027 1.0868602
0.00092667952 0.056176595 1.0817794
0.00090935058 0.058034163 1.06155
0.0038745478 0.041193005 1.0774343
0.0039335173 0.044816468 1.0938326
0.0039344183 0.047823928 1.0940831
0.0039237239 0.050682988 1.0911093
0.0038889057 0.053195767 1.081427
0.0038429643 0.055494871 1.0686516
0.0037842456 0.057529733 1.0523231
0.0066827503 0.040327717 1.0548021
0.0067637325 0.043741021 1.0675843
0.0067655626 0.046678256 1.0678731
0.0067757205 0.049678128 1.0694765
0.0067202728 0.052177411 1.0607246
0.0066770571 0.054729007 1.0539035
0.0066026635 0.056974191 1.0421612
0.009200451 0.035983641 1.0138226
0.0093366019 0.039334565 1.0288254
0.0094260462 0.042556819 1.0386815
0.0094440281 0.04548886 1.040663
0.0095036123 0.048644699 1.0472287
0.0094582783 0.051267814 1.0422332
0.0093860868 0.053709872 1.0342783
0.0092824819 0.055919103 1.0228617
0.011837796 0.0355631 1.0019741
0.011960709 0.038705725 1.0123776
0.01203308 0.041730076 1.0185033
0.012062053 0.044627428 1.0209557
0.012108622 0.047607385 1.0248973
0.012041456 0.050135404 1.0192122
0.011934191 0.052456021 1.0101331
0.011806675 0.054633182 0.99933994
0.014446001 0.035229813 0.99258387
0.014507399 0.038110249 0.99680251
0.014631322 0.041189816 1.0053172
0.014611716 0.043884963 1.0039701
0.014624152 0.046674993 1.0048246
0.01449893 0.049004439 0.99622065
0.014379397 0.051307041 0.98800749
0.016726276 0.034329075 0.96720594
0.016929587 0.037428182 0.97896254
0.01698521 0.040241793 0.98217887
0.016950881 0.042845666 0.98019379
0.016974786 0.04559508 0.98157614
0.016916854 0.048119288 0.97822624
0.016845211 0.050583962 0.97408336
0.019033255 0.036324766 0.95010179
0.019190444 0.039249022 0.95794833
0.019099424 0.041674685 0.95340484
0.019213794 0.044551689 0.95911396
0.019207615 0.047163978 0.95880556
0.02091898 0.035120919 0.91861433
0.021230575 0.03819805 0.93229735
0.021259572 0.040807705 0.93357074
